1763423234432 88.12776957163959 1
1763423912515 88.12776957163959 2
1763424634657 88.12776957163959 3
1763425363349 88.12776957163959 4
1763425686294 88.12776957163959 5
1763426034483 88.12776957163959 6
1763426315338 88.12776957163959 7
1763426761313 88.12776957163959 8
1763427256227 88.12776957163959 9
1763428539164 88.12776957163959 10
1763429068180 88.52701702442634 11
1763429596203 88.52701702442634 12
1763429876950 88.52701702442634 13
1763430405491 88.52701702442634 14
1763430630359 88.52701702442634 15
1763431151430 88.52701702442634 16
1763431590173 88.52701702442634 17
1763431794693 88.52701702442634 18
1763432272271 88.52701702442634 19
1763432803486 88.52701702442634 20
